%% Angle dynamic parameters

k_p2 = 1.005572;
zeta_p2 = 1.000000;
wn_p2 = 10.672720;

k_r2 = 1.001888;
zeta_r2 = 1.000000;
wn_r2 = 12.485386;

k_y2 = 1.0;
zeta_y2 = 1.000000;
wn_y2 = 9.875759;

k_z = 6.066
wn_z = 6.26